31 31
0 30
30 0
0000000001000100010000000001000
1111111101010101010111110101010
0001000001010001000100000100010
0101011111110011111100111111110
0101010000010001000100010001000
1101010111011111010111010101011
0001000101000000010000010101010
0101111101111111111111110101010
0100010001000000000000010101010
0111010101111111011101010111010
0100010100000001010001000100010
0101110111111101110111110101110
0101000001000101000100000101000
0101111101110101010111111101010
0100000100010001010100000001010
0111110111010011010100111111010
0100000001010000010100010000010
0111111101011111111111011101110
0000000101000000010000010001000
0111110101111111010011110111011
0100000100000000010000000100010
1101011111111111011111111101110
0001010000000101000001010001000
0011110111110101111101010111010
0000000101000100000100010100010
0111111101001111110111010100111
0100010001000000010000010100000
0101011101111111011111110111010
0101010000000101000100010001010
0101010111110101110101011101110
0001000100000000010001000000000
